Team Scores -- CodeWars 2017 | Houston
Team
Points
Passed
Failed
TEAM1000
5
3
8
TEAM1001
97
16
3
TEAM1002
14
6
3
TEAM1003
64
12
9
TEAM1004
10
5
4
TEAM1005
26
8
6
TEAM1006
5
3
6
TEAM1007
21
7
9
TEAM1008
2
2
3
TEAM1009
60
12
3
TEAM1010
7
4
3
TEAM1011
2
2
6
TEAM1012
15
6
5
TEAM1013
15
6
4
TEAM1014
21
7
12
TEAM1015
6
3
0
TEAM1016
23
7
9
TEAM1017
49
11
5
TEAM1018
4
3
9
TEAM1019
26
8
4
TEAM1020
7
4
6
TEAM1021
45
11
2
TEAM1023
51
11
1
TEAM1024
10
5
0
TEAM1025
31
9
1
TEAM1026
14
6
1
TEAM1027
25
8
3
TEAM1028
43
10
4
TEAM1029
32
9
1
TEAM1030
25
8
1
TEAM1031
10
5
7
TEAM1032
19
7
2
TEAM1033
15
6
1
TEAM1034
14
6
5
TEAM1035
19
7
14
TEAM1036
12
5
3
TEAM1037
10
5
0
TEAM1038
20
7
0
TEAM1039
25
8
2
TEAM1040
14
6
1
TEAM1041
19
7
5
TEAM1042
5
3
6
TEAM1043
10
5
6
TEAM1044
14
6
1
TEAM1045
15
6
6
TEAM1046
7
4
1
TEAM1047
25
8
2
TEAM1048
14
6
4
TEAM1049
10
5
2
TEAM1050
32
9
3
TEAM1051
19
7
8
TEAM1052
19
7
2
TEAM1053
42
10
4
TEAM1054
32
9
4
TEAM1056
25
8
5
TEAM1057
24
7
4
TEAM1058
32
9
5
TEAM1059
25
8
2
TEAM1060
19
7
2
TEAM1061
38
10
1
TEAM1063
6
3
4
TEAM1064
32
9
3
TEAM1065
14
6
1
TEAM1066
19
7
2
TEAM1067
15
6
13
TEAM1068
25
8
1
TEAM1069
10
5
3
TEAM1070
51
11
6
TEAM1071
22
7
6
TEAM1072
32
9
6
TEAM1073
14
6
0
TEAM1074
52
12
3
TEAM1075
26
8
6
TEAM1076
7
4
9
TEAM1077
10
5
7
TEAM1078
19
7
3
TEAM1079
14
6
4
TEAM1080
14
6
3
TEAM1081
10
5
2
TEAM1082
19
7
6
TEAM1083
14
6
1
TEAM1084
19
7
1
TEAM1085
19
7
0
TEAM1086
29
8
5
TEAM1088
25
7
0
TEAM1089
32
9
6
TEAM1090
2
2
3
TEAM1091
26
8
5
TEAM1092
10
5
4
TEAM1093
14
6
1
TEAM1095
14
6
2
TEAM1096
14
6
0
TEAM1097
19
7
2
TEAM1098
15
6
4
TEAM1099
29
8
1
TEAM1100
10
5
1
TEAM1102
14
6
0
TEAM1103
7
4
7
TEAM1104
25
8
2
TEAM1105
19
7
7
TEAM1106
24
7
8
TEAM1108
45
11
7
TEAM1109
2
2
4
TEAM1110
44
11
2
TEAM1111
32
9
2
TEAM1112
46
11
3
TEAM1113
45
11
3
TEAM1114
25
8
5
TEAM1115
19
7
2
TEAM1116
25
8
5
TEAM1117
31
9
2
TEAM1118
25
8
12
TEAM1119
4
3
9
TEAM1120
25
8
3
TEAM1121
26
8
0
TEAM1122
25
8
5
TEAM1123
10
5
1
TEAM1124
45
11
2
TEAM1125
10
5
7
TEAM1126
84
15
11
TEAM1127
10
5
2
TEAM1128
29
8
11
TEAM1129
10
5
0
TEAM1130
10
5
10
TEAM1131
20
7
3
TEAM1132
10
5
2
TEAM1133
10
5
9
TEAM1134
19
7
0
TEAM1135
7
4
7
TEAM1136
19
7
0
TEAM1137
19
7
9
TEAM1138
26
8
6
TEAM1139
17
6
2
TEAM1140
38
10
2
TEAM1141
9
4
13
TEAM1142
25
8
1
TEAM1143
14
6
2
TEAM1144
14
6
1
TEAM1145
1
1
4
TEAM1146
25
8
6
TEAM1148
19
7
2
TEAM1150
10
5
1
------------
TEAM2000
32
9
6
TEAM2001
45
11
5
TEAM2002
36
8
3
TEAM2003
97
16
6
TEAM2004
51
11
5
TEAM2005
77
14
7
TEAM2006
32
9
6
TEAM2007
40
9
6
TEAM2008
32
9
2
TEAM2009
30
8
7
TEAM2010
26
8
3
TEAM2011
28
8
2
TEAM2012
54
12
5
TEAM2013
32
9
2
TEAM2014
49
11
6
TEAM2015
119
18
1
TEAM2016
60
12
3
TEAM2017
47
11
7
TEAM2018
55
11
7
TEAM2019
48
11
0
TEAM2020
42
10
5
TEAM2021
39
10
5
TEAM2022
19
7
3
TEAM2023
32
9
1
TEAM2024
30
8
1
TEAM2025
14
6
1
TEAM2026
14
6
7
TEAM2027
28
7
0
TEAM2028
44
10
8
TEAM2029
25
8
5
TEAM2030
26
8
2
TEAM2031
42
10
6
TEAM2032
26
8
9
TEAM2033
19
7
0
TEAM2034
64
13
3
TEAM2035
19
7
3
TEAM2036
39
10
3
TEAM2037
35
9
10
TEAM2038
54
11
2
TEAM2039
25
8
1
TEAM2040
19
7
5
TEAM2041
14
6
3
TEAM2042
91
16
12
TEAM2043
32
9
3
TEAM2044
43
9
10
TEAM2045
37
9
7
TEAM2046
26
8
1
TEAM2047
67
13
1
TEAM2048
19
7
1
TEAM2049
95
16
1
TEAM2050
25
8
7
TEAM2051
63
13
2
TEAM2052
10
5
7
TEAM2053
67
13
9
TEAM2054
19
7
0
TEAM2055
14
6
10
TEAM2056
26
8
7
TEAM2057
19
7
8
TEAM2058
19
7
5
TEAM2059
34
9
5
TEAM2060
55
10
9
TEAM2061
39
10
5
TEAM2062
44
10
5
TEAM2063
25
8
4
TEAM2064
20
7
1
TEAM2065
32
9
7
TEAM2066
39
10
3
TEAM2067
65
13
8
TEAM2068
25
8
2
TEAM2069
25
8
5
TEAM2071
19
7
1
TEAM2072
39
10
4
TEAM2073
46
11
4
TEAM2074
46
11
7
TEAM2075
19
7
7
TEAM2076
25
8
4
TEAM2077
15
6
2
TEAM2078
39
10
3
TEAM2079
31
8
3
TEAM2080
22
7
6
TEAM2083
61
12
0
TEAM2084
19
7
3
TEAM2085
49
11
8
TEAM2086
15
4
5
TEAM2087
44
10
5
TEAM2088
31
9
2
TEAM2090
45
10
10
TEAM2091
26
8
4
TEAM2092
71
13
9
TEAM2093
39
10
4
TEAM2094
24
7
2
TEAM2095
27
8
1
TEAM2096
39
10
3
TEAM2097
19
7
4
TEAM2098
92
16
24