43.55
232.95
163.59
126.48
226.06
238.96
168.33
143.28
93.14
163.33
119.29
28.26
239.16
71.73
261.31
198.64
65.43
31.63
160.66
114.27
134.37
90.80
223.01
89.85
148.72
119.98
44.91
110.04
167.71
282.94
245.51
249.04
266.83
109.99
131.18
299.12
39.36
123.52
282.70
245.00
291.57
153.77
137.81
54.62
139.20
50.35
52.83
32.10
111.90
194.02
76.84
224.75
127.35
22.71
204.90
147.57
215.69
290.30
130.77
164.51
223.10
299.52
59.02
20.15
190.99
48.57
278.55
172.92
66.16
57.95
199.81
136.37
141.61
80.01
114.98
221.67
46.79
130.27
249.39
213.66
168.35
118.80
143.13
116.48
140.87
21.41
162.02
61.89
231.70
92.78
41.39
156.93
245.92
143.65
64.88
60.14
168.23
278.02
230.67
45.13
