-1316
18989
14606
6366
-5308
-1786
-3695
20583
4270
22256
22167
-5813
8551
-1832
16872
19582
16290
8434
12920
-5005
1552
-5890
-8807
-7801
17072
-7735
-8081
9628
21481
19446
9636
13060
-9258
19966
21342
2722
15841
19318
21870
-6837
6803
16785
22475
5234
15786
19685
17726
22021
12908
15474
7774
8082
-3524
21984
15551
9390
-7829
12040
22119
7319
3664
16566
21889
2840
-6501
5805
22614
4269
22246
16620
-4744
1512
2189
-5584
-8128
-6637
12736
14266
10619
19735
11222
22098
22625
3229
17380
22668
1991
7282
-1649
19018
13205
-5584
8222
7554
633
19483
5588
21570
22493
6985
1404
3057
16919
14598
-6587
19927
6368
886
11728
18656
-8184
-644
-6008
22684
17000
11739
11314
-629
14615
-1637
6340
10904
13025
-593
-9349
3043
20468
11220
-6104
10947
1501
11964
-9013
4876
16307
-9876
17250
-8819
20114
9699
9731
17373
15947
1788
10537
8536
-7590
4501
8268
1380
12057
16625
20660
15097
13107
-9637
22158
-5792
17754
13324
-8128
12858
14909
-7345
13306
-3899
14004
5603
13197
-421
-3522
6817
21121
8251
-594
-8866
12897
652
-7647
-9709
-9894
-7009
11315
19260
14085
-9611
14195
6013
-5248
18305
19988
17035
1219
-2386
-3867
-6838
9777
-3164
-9341
-3789
20078
2375
6348
17145
12145
2433
15256
18540
19674
16962
4004
15773
21637
17349
22223
17731
-6817
-9196
-6519
-8099
14456
-5170
14728
2329
-8102
-2008
18876
-2827
4762
7730
18054
16932
12204
19292
-1243
5171
-773
-8392
-1679
-7188
17721
6785
-9013
1659
21236
-163
14676
12239
-1685
1759
2909
-3005
8095
20432
15135
3454
429
10927
2220
-6505
7258
9974
-3034
13181
-2320
1439
-2513
6039
16201
13543
7328
8103
-5079
14674
-8322
4852
-9775
10223
16938
-8280
5328
5597
5335
9847
18205
8462
-5567
10625
-1181
-2485
5533
8826
10908
-1928
17611
17416
18401
-4838
2771
-5524
16000
21014
-4465
16229
5712
16571
20901
21841
12865
515
17337
-618
-8905
14358
5600
-8640
6425
16656
16983
2796
-7132
14084
-907
9444
-6010
12609
-802
18059
18984
10964
-8710
15868
1739
12878
7333
-9490
7254
18119
4392
21467
-5778
1570
-2968
1633
-952
4243
17758
5864
17339
17759
8903
13189
22170
15587
-4835
-482
17728
9176
17605
-7729
10604
-9259
14474
22413
-6064
1301
14410
-8695
-9500
21883
8175
10455
20608
-7981
-4447
19152
8106
13915
-453
-8267
14637
-2174
20219
-1771
-3733
19439
15229
21104
-3085
22213
10474
4252
5462
4390
1901
4200
-2249
11766
14054
2176
12962
-5407
9187
656
-865
-3425
12492
-4180
-1786
13430
16221
-9232
12180
21761
-4519
1379
22335
7217
-8323
-9695
-5177
1169
6579
8634
16782
20430
-9335
21973
2985
17526
-3615
-4583
2103
-1792
-6422
9037
18161
20493
7503
-4675
15875
2541
11182
17120
8475
3941
3147
22073
11967
-9809
-2810
-7813
-6173
7107
-5238
14320
-6725
4309
-5688
10523
16846
5151
9892
-2403
17484
-6688
22253
-7851
19617
16805
-1389
4555
10314
10695
2580
-8241
19431
3125
6200
15709
8850
9331
15358
18628
-6288
16099
22230
18951
15749
16708
2832
8068
-1587
7288
-2411
-8749
21384
2954
1493
9969
-4395
17391
-3328
-866
-2686
-1268
17785
4611
12835
-6919
-6776
-8040
-7839
4229
6223
1093
11669
17530
-2049
8904
2198
16930
15435
-7594
22478
4361
-6371
13189
9876
14341
10632
-3479
21174
1908
5375
8957
-6316
22725
-4924
19653
6645
-6342
11170
14770
7636
9707
4575
7238
16763
14095
20333
-7944
2707
-6025
7776
11994
17403
-9893
-7771
-9351
12823
11609
7152
22021
-7829
-3909
21238
19890
17256
4601
13021
5981
3461
5246
1520
5747
3730
-8017
21656
11535
-4535
21802
16775
-2206
2855
-693
-2505
22104
-5510
4341
13203
3448
-4422
8591
-9484
-2035
18460
6220
846
6531
21349
-5712
-4436
3347
-9476
8784
-3111
6307
-4540
12505
12384
-6425
17192
4435
5815
11469
22008
15783
11448
15896
15219
1887
3664
21834
-9947
16046
2171
4808
-2061
19120
-8080
-2247
-6924
5874
6936
-8913
5250
-1483
22725
13833
-1135
-1425
6433
3608
4928
4627
-1179
7168
15022
-9582
20171
-8351
-5361
16418
1861
4791
-3585
8894
-5521
-2945
9749
2158
2242
11164
18876
17608
22283
19192
4158
14775
-996
14446
-1758
5499
9922
-1304
-2632
12785
-9
13252
3314
-1771
3416
18301
-3723
-3387
6105
-1657
15856
-8248
-5449
-134
19373
1550
-338
20339
22374
4665
-6803
11703
-6055
12893
2375
15770
11678
19972
5419
6560
17849
-138
6358
14049
9324
12855
15687
6066
2767
2768
7539
4481
17826
-1070
5947
10753
9697
11289
10395
20360
-6247
4686
11556
-3915
-1285
-5713
4012
14165
-7250
-7149
17476
-5497
8810
15656
7786
15391
-9021
4864
22400
1353
14146
10188
-9859
13935
5562
-3865
8675
-420
13785
5910
20721
-4959
22526
19470
14617
4919
-5558
6454
692
-5273
-5638
2991
14325
487
-4364
-7790
19739
11846
5535
7288
-1813
-9847
15096
7488
-3746
6167
16099
11532
-8041
6866
16574
6029
9751
15239
2620
14977
14388
10376
7281
11897
14791
-3177
4905
-4896
6182
2054
21118
5945
17746
19485
12970
17320
-7567
-3652
7705
-3404
-4482
14913
21955
4683
19775
12716
20408
12806
14967
9474
-7172
19631
-674
22511
15254
19201
-4018
15790
13796
9134
12479
14638
14385
15527
2933
10349
7049
-3689
-1800
16168
11468
-7248
15941
-2889
-3326
-2389
1475
2355
12270
7946
1144
-6695
20198
-6751
-131
-9037
13794
17492
17839
2933
11474
16418
-3672
-6747
20277
-7069
2030
10750
15335
845
17769
18199
-2246
-8259
12827
-3264
13129
9269
19467
-1108
-3447
19232
-8574
3798
14497
-9122
-9862
1565
15740
9212
15700
-3407
22172
17987
-4407
-3661
2737
21749
1827
2968
874
18899
-2899
8911
20875
2658
-152
13731
14144
22767
1535
-2206
-4944
22225
1789
1215
4822
-1042
19006
14197
18572
10113
16035
-8915
5609
11802
-8182
21922
8653
2278
14718
-9213
-6726
2608
22442
-103
21478
15144
16276
4009
9102
18147
15752
-356
14220
5796
8273
93
21292
858
13488
-6141
4412
16489
5382
2224
20834
-7251
8532
7608
4019
11964
13157
-506
-9600
-660
-7350
7868
-9613
-618
-4089
10522
8411
5145
8332
10145
12357
4897
12519
3704
-3252
9641
8119
8974
5554
5182
-4124
1793
-3153
18182
12941
-5569
5000
10498
-4798
10347
-8860
20624
12404
21890
1372
4404
-3543
-578
-9263
-9577
244
7354
-2046
2256
8997
4056
-3875
2531
13885
2016
6166
-889
-7515
15849
-5257
11309
14239
-4227
12407
3645
17276
-6664
-4595
9379
-1008
3377
14534
-5750
2915
-8868
1302
10343
21673
7215
-3093
-6086
17780
14660
19848
19217
18217
18879
7825
1741
-6992
-6352
11106
-9432
-1936
-2629
11685
10487
-2437
5494
4132
3757
9989
17170
7387
11809
-6885
-5186
20818
-111
13714
-1976
19754
21990
19005
4997
3829
-1991
17763
12276
-3253
-2921
20847
4254
10778
4097
-7958
-9920
5693
-2121
10919
-5716
19280
6071
13885
2157
7619
14976
3258
8362
-1746
22043
-7786
5965
-3868
10844
18406
-1181
16075
5222
18386
5574
9323
15213
-6071
7162
-7612
-1344
244
2646
14693
11526
-6040
-5788
11066
15559
21151
650
-5210
7727
-3159
18409
14673
5647
15007
-3195
4164
-3547
14553
8614
-5453
5789
2400
-5505
1049
1239
19622
16142
21131
16235
3189
3395
10821
12139
7206
-4252
16266
-4376
18707
-5456
-1365
7351
-4273
323
21093
7540
18068
6969
8303
-4664
-1156
2838
9300
-5656
-5900
12646
10367
11870
1518
928
-620
-2548
-9385
-1456
16391
6510
5705
10869
7143
4895
2689
3624
762
11679
14611
16511
2319
15955
12124
12465
-9584
4557
21049
4219
343
-4786
-5770
450
-5182
18825
-118
18297
-5622
10922
-5759
-571
5584
14743
2873
7519
22521
630
11217
20027
188
-913
-4513
19815
9721
16051
17121
-5579
15309
1725
-7305
-8548
7011
-3112
12751
1756
-5107
7137
2272
15457
8851
-8882
22235
22506
2763
4719
4958
7914
3945
2548
-6677
8238
13337
-5968
4250
17345
-2613
22684
-3318
4621
1358
10527
14749
-2494
4129
17548
3301
-4
2950
7917
21849
-6112
13783
511
-6323
-8954
16925
-9603
11041
-9762
-7713
-5471
5560
3404
8504
1513
1323
4950
18732
14871
21951
1664
15420
2427
17173
11317
312
6772
-5727
16489
-4011
53
-931
9341
13952
197
703
-2717
8945
-951
13032
19714
-3326
-9850
15390
13020
4162
7074
5500
-18
-2875
1322
9448
14807
10687
-5030
21062
10557
5201
9368
-9493
12141
1187
8513
-1707
8001
15155
13736
13593
7495
22637
5724
-4324
19231
-5509
-86
-506
16933
3422
9571
-4364
8529
20798
20448
15982
12891
-9474
19010
7576
-5598
-3308
1534
6060
18510
-2408
6042
11175
-9676
-8550
-3919
11843
-6917
20921
-1219
2086
-1283
-3087
-1514
9305
112
-5963
21173
8955
-7354
15166
9278
9271
2641
8482
20414
16243
16299
19240
21936
-1334
6741
14427
11463
22205
11038
16221
-2585
16933
-3897
16894
12660
2668
22372
16141
-9776
7165
18181
13935
1823
9977
1430
4973
78
-980
-4092
4434
-8877
13887
20130
20022
7862
815
18634
21
-8624
8702
15303
36
-685
-5976
-1806
8292
-3190
-6568
12060
-137
9186
-2596
812
20147
-9686
21590
7177
15989
22039
4149
9659
1207
1931
-7068
4045
12773
-8170
21441
2805
18413
-8770
6353
2551
18326
13051
15794
18886
10258
12294
-4015
9452
-4906
20819
-6435
13869
19881
5980
-6021
3687
9467
2977
20027
445
6265
5869
4170
20468
12254
3290
13162
11293
